cam0:
  cam_overlaps: [1, 2, 3, 4]
  camera_model: pinhole
  distortion_coeffs: [-0.3513485709938719, 0.14948079779231196, 0.00030523342418356617,
    -0.0007501636473348355]
  distortion_model: radtan
  intrinsics: [833.0292492727289, 834.3620004302326, 503.38475907953443, 394.9695639684688]
  resolution: [1024, 768]
  rostopic: /cam0/image_raw
cam1:
  T_cn_cnm1:
  - [0.9999892804723131, 0.0033742911086503233, -0.003170662388764966, -0.11924477243934774]
  - [-0.003367854246620974, 0.9999922616301011, 0.0020332824921034313, 0.00011097275544565412]
  - [0.00317749874004105, -0.002022582367484855, 0.9999929063060036, 0.0016910357520017935]
  - [0.0, 0.0, 0.0, 1.0]
  cam_overlaps: [0, 2, 3, 4]
  camera_model: pinhole
  distortion_coeffs: [-0.35683344723340976, 0.16119642993743533, 0.0003034256336731795,
    -0.0005409011635947676]
  distortion_model: radtan
  intrinsics: [838.8019365156613, 838.4800168775932, 487.62536442095706, 387.6341260991236]
  resolution: [1024, 768]
  rostopic: /cam1/image_raw
cam2:
  T_cn_cnm1:
  - [0.999987304158955, -0.0035819009643235132, 0.003544221548764214, 0.18514103922946365]
  - [0.0024825176677635303, 0.9622737271505819, 0.27207188598191445, 0.3814728324961991]
  - [-0.004385045830340687, -0.27205963320788407, 0.9622704024087287, 0.22218266097852665]
  - [0.0, 0.0, 0.0, 1.0]
  cam_overlaps: [0, 1, 3, 4, 5, 6]
  camera_model: pinhole
  distortion_coeffs: [-0.5949777468709576, 0.3253933494072959, 0.001444012449689825,
    0.0009592053639213262]
  distortion_model: radtan
  intrinsics: [1636.2076188790043, 1637.337779936918, 651.8505654728757, 471.14730885261173]
  resolution: [1280, 960]
  rostopic: /cam2/image_raw
cam3:
  T_cn_cnm1:
  - [0.9999972066880419, 0.0010698883218036351, -0.002107594622224168, -0.11977817521778446]
  - [-0.0010775230358749592, 0.9999928502982072, -0.003624678823545947, -0.00023080577155613625]
  - [0.002103701552007519, 0.003626939680442979, 0.9999912098355334, -1.8130710854560366e-05]
  - [0.0, 0.0, 0.0, 1.0]
  cam_overlaps: [0, 1, 2, 4, 5, 6]
  camera_model: pinhole
  distortion_coeffs: [-0.5965369928235746, 0.3327711122221388, 0.0010630049588854977,
    -7.835516986639694e-05]
  distortion_model: radtan
  intrinsics: [1630.2144475848318, 1631.3575784357272, 648.2011180125828, 463.4909924948454]
  resolution: [1280, 960]
  rostopic: /cam3/image_raw
cam4:
  T_cn_cnm1:
  - [0.9999978118245414, 0.0018981181788422171, 0.0008794848028682335, -0.11990020227984903]
  - [-0.0018954075004703338, 0.9999934827334529, -0.0030727709053495226, 2.8928945293949896e-05]
  - [-0.000885311553346206, 0.003071097199495716, 0.9999948922796831, -0.0001443262454329918]
  - [0.0, 0.0, 0.0, 1.0]
  cam_overlaps: [0, 1, 2, 3, 5, 6]
  camera_model: pinhole
  distortion_coeffs: [-0.5951061482651101, 0.33102350149444354, 0.0023817292331101423,
    -0.0009670729209907234]
  distortion_model: radtan
  intrinsics: [1639.725181011422, 1640.9020233785882, 646.5146477351509, 475.2769839910957]
  resolution: [1280, 960]
  rostopic: /cam4/image_raw
cam5:
  T_cn_cnm1:
  - [0.9997196247499628, -0.01166186797097088, 0.020607589019778563, 0.3604824277561025]
  - [0.012143029153833328, 0.9996529021676602, -0.02337994933121807, 0.65133412101116]
  - [-0.020327782288031532, 0.023623632726336018, 0.9995142346380308, 0.4301954405705366]
  - [0.0, 0.0, 0.0, 1.0]
  cam_overlaps: [2, 3, 4, 6]
  camera_model: pinhole
  distortion_coeffs: [-0.26086097131205316, 0.20336779281136858, -0.00010586830303856146,
    0.00025692253050823183]
  distortion_model: radtan
  intrinsics: [1419.8163367344905, 1422.0897227712499, 652.2762647712201, 474.0630820063436]
  resolution: [1280, 960]
  rostopic: /cam5/image_raw
cam6:
  T_cn_cnm1:
  - [0.9999943932496467, 0.00045468449061730596, -0.003317639415562034, -0.49734781475378814]
  - [-0.00044484888442174365, 0.999995506096876, 0.0029647757975177933, 0.0015057857405756084]
  - [0.0033189725439851775, -0.0029632833265671064, 0.9999901016376039, -0.0001696811954724333]
  - [0.0, 0.0, 0.0, 1.0]
  cam_overlaps: [2, 3, 4, 5]
  camera_model: pinhole
  distortion_coeffs: [-0.2627510870150479, 0.2128702661490206, -0.000441297170616572,
    0.0002059303987265087]
  distortion_model: radtan
  intrinsics: [1427.2287589403252, 1429.0553152909588, 659.1129001741754, 481.3814783671938]
  resolution: [1280, 960]
  rostopic: /cam6/image_raw
