cam0:
  cam_overlaps: [1, 2, 3, 4]
  camera_model: pinhole
  distortion_coeffs: [-0.3508388117117502, 0.14855826590793633, 7.200031904250108e-05,
    -0.0007172853888321038]
  distortion_model: radtan
  intrinsics: [832.8043254068341, 834.2092839417842, 502.99661799067525, 395.74311302846627]
  resolution: [1024, 768]
  rostopic: /cam0/image_raw
cam1:
  T_cn_cnm1:
  - [0.9999892347543647, 0.0033931872944199396, -0.003164910007236207, -0.11922770950447668]
  - [-0.0033862689667294383, 0.9999918712431642, 0.0021887508009587817, 0.00043722767253791224]
  - [0.003172311121860833, -0.0021780100019787915, 0.999992596329876, 0.0009338286752726049]
  - [0.0, 0.0, 0.0, 1.0]
  cam_overlaps: [0, 2, 3, 4]
  camera_model: pinhole
  distortion_coeffs: [-0.355604283291735, 0.1598081183583134, 0.00012669238100780237,
    -0.00048704574634091433]
  distortion_model: radtan
  intrinsics: [837.7342813629009, 837.4632781808298, 487.20910120794184, 387.95048525392104]
  resolution: [1024, 768]
  rostopic: /cam1/image_raw
cam2:
  T_cn_cnm1:
  - [0.9999773918771211, -0.006008897254063287, 0.003018093508832714, 0.18437179580221924]
  - [0.004960078133896954, 0.9622016709856643, 0.2722927505045047, 0.38232781511112907]
  - [-0.004540193778197666, -0.27227162449692205, 0.9622097220119276, 0.22013575573090977]
  - [0.0, 0.0, 0.0, 1.0]
  cam_overlaps: [0, 1, 3, 4, 5, 6]
  camera_model: pinhole
  distortion_coeffs: [-0.5939011851155154, 0.3232677696872477, 0.0013309766892199346,
    0.0010167472326918592]
  distortion_model: radtan
  intrinsics: [1633.9694803398834, 1635.1240450332998, 651.7086712746566, 471.7985174585628]
  resolution: [1280, 960]
  rostopic: /cam2/image_raw
cam3:
  T_cn_cnm1:
  - [0.9999972833867311, 0.0010550182093039947, -0.0020784984339872717, -0.11978296527710706]
  - [-0.001062122713357345, 0.9999935878604651, -0.003419961008595822, -0.00022730544148524628]
  - [0.0020748769852261075, 0.003422159338280775, 0.9999919918234165, -8.593450716124969e-05]
  - [0.0, 0.0, 0.0, 1.0]
  cam_overlaps: [0, 1, 2, 4, 5, 6]
  camera_model: pinhole
  distortion_coeffs: [-0.5952911878546121, 0.3314943660399029, 0.0009961582461891947,
    -5.4571612946979735e-05]
  distortion_model: radtan
  intrinsics: [1627.8681402927652, 1629.033616428491, 648.0133571611103, 463.7962783669915]
  resolution: [1280, 960]
  rostopic: /cam3/image_raw
cam4:
  T_cn_cnm1:
  - [0.9999978261131943, 0.0019048100059778856, 0.0008482144397695331, -0.11988134447807347]
  - [-0.0019023603452546257, 0.9999940446702437, -0.0028795223861890224, 1.770936154416327e-05]
  - [-0.0008536943314264865, 0.0028779025169187976, 0.9999954944314002, -0.00023250045498625788]
  - [0.0, 0.0, 0.0, 1.0]
  cam_overlaps: [0, 1, 2, 3, 5, 6]
  camera_model: pinhole
  distortion_coeffs: [-0.5938315916797914, 0.3295144015829309, 0.0023596291065872913,
    -0.0009516742231823087]
  distortion_model: radtan
  intrinsics: [1637.261193829757, 1638.4845611018034, 646.3556482784534, 475.27403643944115]
  resolution: [1280, 960]
  rostopic: /cam4/image_raw
cam5:
  T_cn_cnm1:
  - [0.9997274504737041, -0.011550832736276884, 0.020288002179726514, 0.36114805363869906]
  - [0.012015003890760202, 0.9996653709215657, -0.022908205118519077, 0.6503404483952622]
  - [-0.020016604378641518, 0.02314572192319092, 0.9995316958985352, 0.4353061177238205]
  - [0.0, 0.0, 0.0, 1.0]
  cam_overlaps: [2, 3, 4, 6]
  camera_model: pinhole
  distortion_coeffs: [-0.2606140427625609, 0.20245084774516217, -0.00014918348617071325,
    0.00025093611739047885]
  distortion_model: radtan
  intrinsics: [1421.790345780106, 1424.1920985424858, 652.069821883247, 474.15211307305395]
  resolution: [1280, 960]
  rostopic: /cam5/image_raw
cam6:
  T_cn_cnm1:
  - [0.9999944690702299, 0.00044572207539517113, -0.0032959309421605534, -0.4976956399086069]
  - [-0.0004359003592603438, 0.999995464575999, 0.0029800701843783334, 0.0014923796387459603]
  - [0.003297244276783665, -0.0029786170043376563, 0.9999901279617293, -0.0008319606091855388]
  - [0.0, 0.0, 0.0, 1.0]
  cam_overlaps: [2, 3, 4, 5]
  camera_model: pinhole
  distortion_coeffs: [-0.26281444999755604, 0.2136802664613826, -0.0004619516139159776,
    0.0002446276465275407]
  distortion_model: radtan
  intrinsics: [1428.77465725811, 1430.6653882577357, 659.1404339270003, 481.4521756408041]
  resolution: [1280, 960]
  rostopic: /cam6/image_raw
